Table S1- Differentially expressed genes for CHD8-A and CHD8-B human derived neurons compared to the isogenic control. 									
gene	baseMean_CHD8KO_lineA	log2FoldChange_CHD8KO_lineA	lfcSE_CHD8KO_lineA	pvalue_CHD8KO_lineA	log2FoldChange_CHD8KO_lineB	lfcSE_CHD8KO_lineB	pvalue_CHD8KO_lineB	padj_CHD8KO_lineB	meanLFC_bothLines
A2MP1	11.2497773	-2.898218457	0.319865723	1.30E-19	-2.787536837	0.318678456	2.19E-18	2.17E-15	-2.842877647
ABCA1	110.9874216	-1.158157996	0.184187618	3.22E-10	-1.232590404	0.188044431	5.57E-11	1.35E-08	-1.1953742
ACAT2	144.8988522	-0.703764792	0.156763993	7.14E-06	-0.876170407	0.160878806	5.15E-08	5.81E-06	-0.7899676
ACTB	3634.787295	-0.471932841	0.106898908	1.01E-05	-0.313215176	0.107002868	0.003420661	0.054553429	-0.392574009
ACTR1A	163.1706743	-0.478509345	0.150990295	0.001528909	-0.407833403	0.152934997	0.007659756	0.095769898	-0.443171374
ACYP1	83.70774945	0.630052259	0.192355085	0.001054884	0.693017528	0.194368196	0.000363179	0.010136109	0.661534893
ADCYAP1	14.15930415	1.171286435	0.311587984	0.000170534	1.069532997	0.313257016	0.000639614	0.015369366	1.120409716
AHCY	49.33368895	-1.052905739	0.22829989	3.99E-06	-0.785546404	0.229314093	0.000613364	0.015028647	-0.919226071
AKAP9	240.8104415	0.711386622	0.167642035	2.20E-05	0.577472672	0.169166618	0.00064103	0.015369366	0.644429647
ALCAM	206.8457258	0.674148251	0.179902551	0.000178751	0.912142252	0.180310856	4.22E-07	3.49E-05	0.793145251
ALG9	161.7615514	-0.618780509	0.161155611	0.000123212	-0.436910352	0.16229447	0.007100705	0.090854435	-0.52784543
AMER2	8.90169966	0.850994751	0.319116975	0.007659608	1.00816298	0.319238779	0.001588438	0.030706354	0.929578866
AMOT	37.7653988	-0.832385889	0.258259091	0.001268267	-0.805977288	0.261239516	0.002034124	0.037133681	-0.819181588
ANK3	131.7162475	1.28743725	0.17789051	4.58E-13	1.104459101	0.180454619	9.33E-10	1.98E-07	1.195948176
ANKRD17	207.718874	0.369687154	0.140488623	0.008502429	0.461517896	0.141799103	0.001134999	0.024016881	0.415602525
ANO5	17.79070925	0.91297316	0.302401481	0.002535466	1.185874319	0.302850052	9.01E-05	0.00325916	1.04942374
ANXA5	73.24872457	-0.816031293	0.191581056	2.05E-05	-0.7775835	0.19498519	6.67E-05	0.002533279	-0.796807397
AP1S2	283.9980629	0.464961406	0.137709396	0.000734422	0.3838773	0.139328595	0.005865735	0.079615325	0.424419353
ASTN1	11.81251776	1.025091671	0.316114004	0.00118365	1.082247683	0.316940779	0.000638597	0.015369366	1.053669677
ASTN2	14.90859415	1.032567348	0.312699697	0.00095962	0.900339621	0.314262817	0.004171071	0.062444128	0.966453484
ATP6V0E1	166.2520035	-0.750771305	0.15264343	8.72E-07	-0.653839912	0.154476963	2.31E-05	0.00106099	-0.702305608
ATP6V1A	450.3063252	0.811738565	0.120140216	1.41E-11	0.572104676	0.12174727	2.61E-06	0.000164336	0.69192162
B2M	124.5584538	-0.489696574	0.178933106	0.006204796	-0.568578106	0.181866373	0.001769902	0.033560498	-0.52913734
B3GALNT1	38.85734644	0.871312967	0.260955195	0.000840996	0.934666434	0.262818702	0.000376091	0.010431276	0.902989701
BACH2	57.84376446	0.666853252	0.221306325	0.002584583	0.628012086	0.224204213	0.005093319	0.071748321	0.647432669
BAI3	27.42012539	1.263909269	0.273356086	3.77E-06	0.790282998	0.279085822	0.004630351	0.066592054	1.027096134
BCAT1	384.0322097	-1.598853924	0.122824357	9.74E-39	-1.331367864	0.123352379	3.71E-27	9.65E-24	-1.465110894
BDH2	41.73849186	-1.057988753	0.232119184	5.17E-06	-1.112103687	0.237358328	2.80E-06	0.00017456	-1.08504622
BEX5	24.85119522	-1.074547964	0.286919923	0.000180312	-0.772125317	0.287411601	0.007220942	0.091735753	-0.92333664
BTBD10	135.2592	0.700371973	0.177201484	7.74E-05	0.589575828	0.179525147	0.001023141	0.022125112	0.6449739
BTN2A2	17.2532094	-1.284854187	0.296377722	1.46E-05	-1.074523146	0.29780901	0.000308454	0.009032133	-1.179688666
BUB1	42.12168184	-0.77759528	0.241121547	0.001260123	-0.703913658	0.243989482	0.003913933	0.059855022	-0.740754469
C16orf87	101.9446388	-0.532717666	0.173058654	0.002082207	-0.625407407	0.176994349	0.000410115	0.011269953	-0.579062537
C2orf80	50.62473247	1.569234768	0.263824423	2.71E-09	1.773635342	0.264532159	2.02E-11	5.30E-09	1.671435055
C6orf62	368.2909848	-0.370998605	0.127475398	0.003610189	-0.387781213	0.128894725	0.002625312	0.044209586	-0.379389909
C8orf59	221.8723724	-0.650154907	0.174581328	0.000196028	-0.490555748	0.175429624	0.005168967	0.072357437	-0.570355327
CADM1	551.6113328	-0.393913421	0.117362145	0.000789664	-0.408000899	0.118432864	0.000571065	0.014448108	-0.40095716
CADM2	44.58147201	-1.431014596	0.231454439	6.30E-10	-2.022499329	0.245657708	1.83E-16	1.16E-13	-1.726756962
CALB1	17.08155955	0.928471847	0.299195168	0.001914199	0.980208259	0.300976597	0.00112692	0.023906239	0.954340053
CALCOCO2	83.39198402	-0.514741717	0.186603165	0.005807027	-0.725253742	0.191902552	0.000157282	0.005145355	-0.61999773
CAMK2B	11.28430096	0.943596718	0.315703886	0.002800146	0.83865325	0.317091761	0.008173239	0.099584168	0.891124984
CASK	113.7312396	-0.768601989	0.173509679	9.43E-06	-0.512219621	0.174372418	0.003308662	0.053146878	-0.640410805
CBX5	1321.266501	0.363748212	0.121092939	0.002665637	0.341135089	0.121467662	0.004978159	0.070571329	0.35244165
CCDC152	40.79897565	-2.012079727	0.283195848	1.20E-12	1.363523968	0.247910246	3.80E-08	4.46E-06	-0.32427788
CCDC82	115.9850606	0.514773276	0.174345288	0.003151019	0.545646838	0.176324058	0.001970996	0.036294766	0.530210057
CCNB1	127.8812295	-0.80264018	0.186506899	1.68E-05	-0.699637095	0.188183003	0.000200922	0.006385876	-0.751138638
CCNB1IP1	75.97992504	-0.787208838	0.216548541	0.000277707	-0.599830443	0.217895689	0.005908203	0.079948723	-0.69351964
CCNB2	15.21293622	-0.890409023	0.297417207	0.002755223	-0.803871495	0.299935228	0.007358911	0.093091263	-0.847140259
CCNG1	155.3615265	-0.518190249	0.168071308	0.00204817	-0.479028971	0.170032958	0.00484336	0.068988907	-0.49860961
CCNY	58.26823713	-1.006607057	0.211497475	1.94E-06	-0.971470499	0.215188151	6.35E-06	0.000358717	-0.989038778
CCP110	118.4523742	0.649085039	0.178774428	0.0002826	0.548707888	0.181336244	0.002478828	0.042793765	0.598896463
CD200	183.2083994	1.049030602	0.165535566	2.34E-10	0.960546684	0.167306463	9.40E-09	1.29E-06	1.004788643
CD24	3444.076412	0.247559565	0.090836686	0.006423806	0.282257233	0.091015905	0.001927473	0.035763222	0.264908399
CD81	40.37624451	-0.892509062	0.2348148	0.000144168	-0.761845791	0.237513727	0.001338539	0.027231181	-0.827177427
CD9	13.49001387	-1.251293542	0.307053074	4.60E-05	-0.913350934	0.307186761	0.002946397	0.048617174	-1.082322238
CDH6	167.3754986	-0.933178481	0.146452086	1.87E-10	-1.123556411	0.150879106	9.57E-14	3.72E-11	-1.028367446
CDK6	68.10950209	-1.347760433	0.212110041	2.10E-10	-1.275052203	0.215251415	3.15E-09	5.31E-07	-1.311406318
CDKN1C	89.24516086	-0.575282161	0.195016334	0.003178585	-0.611543942	0.198248513	0.002037342	0.037133681	-0.593413051
CDO1	108.5934847	-0.996031738	0.180467877	3.41E-08	-0.657730822	0.180672793	0.000272159	0.008075248	-0.82688128
CDS2	94.3214258	0.947044569	0.199880588	2.16E-06	0.902975613	0.202087041	7.89E-06	0.000421745	0.925010091
CENPF	106.7577436	-0.620344312	0.221257952	0.005051749	-0.702545735	0.223531017	0.001672572	0.032124164	-0.661445024
CENPK	31.93704589	-0.693807054	0.253702127	0.006243129	-0.73464101	0.258012313	0.004409042	0.064605003	-0.714224032
CENPN	94.2501071	-0.507785605	0.188363727	0.007022578	-0.511681548	0.191227873	0.007455809	0.094034851	-0.509733577
CENPW	98.19099879	-0.720917457	0.194734705	0.000213865	-0.552851972	0.196187494	0.004832718	0.068947285	-0.636884714
CHGB	49.80547594	1.154885458	0.238162218	1.24E-06	1.007233898	0.241410509	3.02E-05	0.001294813	1.081059678
CHN1	150.2851724	-0.937373443	0.161104925	5.94E-09	-0.967284593	0.164048466	3.72E-09	6.04E-07	-0.952329018
CKB	132.9893564	-1.151464133	0.162255049	1.28E-12	-0.985010527	0.16398098	1.89E-09	3.31E-07	-1.06823733
CKS1B	247.5855161	-1.002698947	0.165050214	1.24E-09	-0.751283914	0.165561574	5.68E-06	0.000323373	-0.876991431
CKS2	338.5852312	-1.050099269	0.148596542	1.59E-12	-0.960179896	0.149692665	1.41E-10	3.32E-08	-1.005139582
CLASP2	270.3618284	0.553082351	0.157523628	0.000446244	0.705604893	0.158182596	8.17E-06	0.000431256	0.629343622
CLCN3	180.921092	0.466251591	0.156061539	0.002811647	0.421042284	0.157977041	0.007693983	0.095769898	0.443646938
CNIH4	232.1261617	-0.590610241	0.138723595	2.07E-05	-0.515303527	0.140301444	0.000239878	0.007336813	-0.552956884
CNR1	105.4298509	0.655882219	0.191458017	0.000613164	1.07336538	0.19118078	1.97E-08	2.41E-06	0.864623799
CNRIP1	37.6377843	0.835994041	0.259285546	0.001263156	0.868993015	0.261451632	0.000888241	0.019931864	0.852493528
CNST	225.8856383	-1.094405476	0.139943563	5.27E-15	-0.745436758	0.140041085	1.02E-07	1.05E-05	-0.919921117
CNTN1	77.30038127	1.173020279	0.220201026	9.98E-08	1.227210618	0.221810369	3.15E-08	3.76E-06	1.200115448
CNTN2	49.69774646	-0.598609626	0.22742206	0.008484568	-0.726411474	0.232211889	0.001758644	0.033417971	-0.66251055
CNTNAP2	167.0943079	1.018429703	0.162766783	3.92E-10	0.932824729	0.164732229	1.49E-08	1.90E-06	0.975627216
CNTNAP4	11.18444099	1.175291581	0.314886122	0.000189639	0.8984576	0.316873294	0.004577057	0.066145144	1.036874591
COA1	272.6944144	-0.435845667	0.127204565	0.000611782	-0.390878943	0.128816023	0.002410171	0.041877894	-0.413362305
COMMD10	89.77901404	-0.708655982	0.20082787	0.000417648	-0.660828462	0.203251163	0.001148826	0.024194935	-0.684742222
COX6B1	1011.403352	-0.544647995	0.149035671	0.000257703	-0.476117874	0.14938173	0.001436294	0.028696959	-0.510382935
CPNE8	27.88619086	1.549230196	0.283232235	4.50E-08	1.49390179	0.285487034	1.67E-07	1.60E-05	1.521565993
CPVL	38.61989137	-1.170493647	0.246645795	2.08E-06	-0.918907076	0.247867272	0.000209518	0.00663549	-1.044700361
CRABP1	53.13040192	1.601289021	0.255108984	3.45E-10	1.902333335	0.255416743	9.48E-14	3.72E-11	1.751811178
CRIM1	98.1731831	1.025267023	0.186153649	3.64E-08	0.802031861	0.189639178	2.34E-05	0.001068392	0.913649442
CSE1L	118.2746931	-0.703258892	0.170106692	3.56E-05	-0.719274739	0.173163467	3.27E-05	0.00139109	-0.711266816
CSNK2A1	38.24734995	0.893400519	0.266724538	0.000809502	1.050666928	0.267901378	8.79E-05	0.003216424	0.972033724
CSTF1	54.8590348	-0.891966946	0.213565471	2.96E-05	-0.700185826	0.215429411	0.001153292	0.024194935	-0.796076386
CTNNA1	126.7369458	-0.681756214	0.178200827	0.000130361	-0.708689391	0.180933178	8.97E-05	0.003256944	-0.695222803
CTNND2	33.32126494	0.667803864	0.263426668	0.011242629	0.909645601	0.264282331	0.000577545	0.014527051	0.788724732
CTSV	41.92784066	-0.968699685	0.256574939	0.000159685	-0.699511607	0.257359945	0.006567223	0.086126087	-0.834105646
CXADR	636.178734	1.072292796	0.115442935	1.56E-20	0.908276392	0.116450397	6.21E-15	3.46E-12	0.990284594
CXCR4	156.0481293	-1.061816984	0.186150275	1.17E-08	-1.334423144	0.190136709	2.25E-12	6.92E-10	-1.198120064
CYB5B	443.0158398	-0.394524906	0.115655395	0.000646751	-0.389985239	0.116928063	0.000852203	0.019268427	-0.392255073
CYP51A1	1994.771153	-0.293468097	0.091624781	0.001360353	-0.340347354	0.092057306	0.000218055	0.00676198	-0.316907726
DACH1	138.7252365	0.520183753	0.19488556	0.007603772	0.525357577	0.196369537	0.007465089	0.094034851	0.522770665
DACH2	29.18307377	1.211489374	0.289059205	2.78E-05	1.301170542	0.290335781	7.41E-06	0.000400994	1.256329958
DAD1	670.293779	-0.516977527	0.125644349	3.88E-05	-0.373268273	0.126130563	0.003082587	0.050055603	-0.4451229
DAZAP2	205.250229	-0.460960267	0.140089602	0.001000211	-0.604800613	0.143138958	2.39E-05	0.001081945	-0.53288044
DBI	895.7794402	-0.584646233	0.112123702	1.85E-07	-0.64300829	0.112958086	1.25E-08	1.67E-06	-0.613827261
DCAF13	184.45428	-0.69095444	0.162154221	2.03E-05	-0.430199516	0.16273477	0.008203865	0.09982114	-0.560576978
DCBLD2	123.9424661	1.030903219	0.193964209	1.07E-07	0.761234676	0.196737959	0.000109156	0.003838089	0.896068947
DCLK1	131.6061176	0.667610761	0.176612798	0.000156777	0.829630112	0.177638207	3.01E-06	0.000186501	0.748620437
DDX21	131.1926977	-0.842663628	0.182619632	3.94E-06	-0.628863712	0.183619117	0.000615191	0.015028647	-0.73576367
DIAPH2	46.68904249	-1.251294288	0.252611501	7.29E-07	-0.990286967	0.253513981	9.37E-05	0.003375868	-1.120790628
DIDO1	18.68429541	-0.880392852	0.287220482	0.002175128	-0.939796174	0.291460609	0.001262209	0.02579586	-0.910094513
DKC1	86.22981879	-0.725001821	0.18341124	7.72E-05	-0.612800273	0.185773819	0.000971557	0.021371857	-0.668901047
DLGAP5	52.60883201	-0.667795121	0.2258336	0.003106251	-0.813949701	0.230757859	0.000419838	0.011481174	-0.740872411
DLL3	71.14000976	-1.017260395	0.212288944	1.65E-06	-0.904757548	0.214649514	2.50E-05	0.001115158	-0.961008972
DNAJC15	262.7798923	-0.449479194	0.159433447	0.004813935	-0.467641815	0.160915441	0.003659248	0.057134174	-0.458560505
DNER	22.3030602	0.76440238	0.285551459	0.007429929	0.854325381	0.28737556	0.002950454	0.048617174	0.80936388
DNM3	33.99570695	1.337546474	0.272319544	9.03E-07	1.35048315	0.274309206	8.51E-07	6.26E-05	1.344014812
DNMT3B	29.80042165	-1.134890935	0.254147653	7.99E-06	-0.80580724	0.254493864	0.001543846	0.030170863	-0.970349088
DPH6	17.14299618	-0.876094965	0.29768573	0.003250277	-0.962019946	0.301278166	0.001407402	0.028309706	-0.919057456
DPM1	138.1404612	-0.856682444	0.174403263	9.01E-07	-0.793500354	0.176488371	6.92E-06	0.000386421	-0.825091399
DPPA4	194.2428592	-0.828157289	0.18792612	1.05E-05	-0.843354757	0.189583151	8.65E-06	0.000450835	-0.835756023
DSTN	206.1997957	0.810511356	0.174221905	3.28E-06	0.750374056	0.175626515	1.93E-05	0.000908355	0.780442706
DTD1	21.01789129	0.771248024	0.287755068	0.007357292	0.876449347	0.289485454	0.002464952	0.042663726	0.823848686
DUSP18	8.894890826	0.837432829	0.318461112	0.008547947	0.877726307	0.319051866	0.005940533	0.080143356	0.857579568
DYNLRB1	253.9353228	-0.508682278	0.146183541	0.000501881	-0.481365023	0.147745017	0.001121689	0.023858598	-0.495023651
DZIP3	175.9749794	0.699884537	0.178898046	9.15E-05	0.617229395	0.180566604	0.000630154	0.015293231	0.658556966
ECI2	68.20191489	-0.735534864	0.210102987	0.000463811	-0.658730062	0.212691284	0.001954119	0.036058339	-0.697132463
EDA2R	13.11470198	-1.081206616	0.307495092	0.000437812	-1.257608664	0.311341462	5.36E-05	0.002095818	-1.16940764
EIF2B3	129.6304568	-0.601674964	0.160524373	0.000178119	-0.567840688	0.163097837	0.000498436	0.013170215	-0.584757826
EIF2S2	213.8408042	-0.884089499	0.17771862	6.54E-07	-0.541472158	0.177833812	0.002328187	0.040850761	-0.712780828
EIF2S3	1745.377745	-0.279747607	0.089376639	0.001748148	-0.320606311	0.089874897	0.000360746	0.010099756	-0.300176959
EIF3E	863.0528139	-0.586754733	0.144297993	4.78E-05	-0.61873268	0.144877681	1.95E-05	0.00091105	-0.602743707
EIF3K	485.0944056	-0.62782676	0.142393561	1.04E-05	-0.547678136	0.143142322	0.000130185	0.004416217	-0.587752448
EIF4EBP2	283.1885952	0.412772942	0.137555168	0.002692881	0.428349407	0.138828495	0.002032393	0.037133681	0.420561174
ENO1	248.8758915	-0.690965035	0.150003683	4.10E-06	-0.559612897	0.151099356	0.000212554	0.006660012	-0.625288966
ENO2	49.23375441	1.1196728	0.239921359	3.06E-06	1.282134766	0.24121059	1.06E-07	1.07E-05	1.200903783
ENO3	10.43002565	-0.947876415	0.316524311	0.002747688	-0.925785655	0.317869857	0.003585854	0.056188768	-0.936831035
ERC2	47.65189581	0.681967139	0.233676866	0.003518106	0.765682477	0.235739846	0.001162202	0.024194935	0.723824808
ESRG	62.22229627	-1.416054157	0.210818237	1.86E-11	-1.013340627	0.210295164	1.45E-06	0.000101635	-1.214697392
ETNK1	258.5736077	0.524622887	0.140399873	0.0001865	0.407505849	0.142240686	0.004171363	0.062444128	0.466064368
EXTL2	91.22279447	-0.550155912	0.182852255	0.002623287	-0.550978538	0.18601704	0.003056688	0.049748374	-0.550567225
EZR	172.4335263	-1.12925584	0.183861453	8.15E-10	-1.386526512	0.187522548	1.43E-13	5.31E-11	-1.257891176
FABP3	191.4456209	-1.109307136	0.185708414	2.32E-09	-0.929105736	0.186610112	6.40E-07	5.01E-05	-1.019206436
FABP7	47.87692988	-0.98994449	0.229079647	1.55E-05	-1.172599249	0.235232293	6.20E-07	4.94E-05	-1.08127187
FAM102B	41.98295308	-0.798273732	0.229228329	0.000496868	-0.66309206	0.231855837	0.004237311	0.062980845	-0.730682896
FAM110B	29.5715677	0.874264494	0.264493216	0.000948299	0.847640578	0.2674185	0.001525882	0.02995136	0.860952536
FAM115A	283.0532554	0.540983064	0.148276098	0.000263792	0.493391298	0.149611338	0.000974385	0.021381404	0.517187181
FAM122B	160.2004907	-1.902617769	0.168003139	9.88E-30	-0.704255117	0.161061808	1.23E-05	0.00061264	-1.303436443
FAM126A	46.31751192	-0.659384482	0.232054322	0.004490056	-0.920851578	0.238521637	0.00011308	0.003960458	-0.79011803
FAM60A	186.075744	-0.440852446	0.16196711	0.006491485	-0.625404464	0.164886573	0.000148876	0.004906304	-0.533128455
FAXC	36.13998217	0.926492537	0.267702821	0.000538374	1.080332905	0.268924782	5.89E-05	0.00225713	1.003412721
FDFT1	261.0458104	-0.679172165	0.150848211	6.72E-06	-0.838578978	0.153248807	4.45E-08	5.16E-06	-0.758875572
FEZ1	70.43232516	1.124546081	0.215602271	1.83E-07	0.968579036	0.218674482	9.45E-06	0.00048801	1.046562559
FGF14	15.81657061	1.272350957	0.31381344	5.02E-05	1.108976129	0.315234479	0.00043491	0.011770244	1.190663543
FGF9	42.13724513	1.141915139	0.248056207	4.16E-06	1.086867497	0.25082274	1.47E-05	0.000713272	1.114391318
FHIT	13.88359237	0.910421979	0.315742992	0.003933734	0.908921661	0.316705348	0.004105648	0.061938416	0.90967182
FLRT3	70.02106489	1.829352306	0.238638565	1.78E-14	1.62434836	0.241168194	1.64E-11	4.56E-09	1.726850333
FNBP1L	320.0902862	0.483293369	0.1462801	0.000953532	0.506561231	0.147290571	0.000583443	0.01459589	0.4949273
FNDC5	87.60231684	-1.26870895	0.183147162	4.29E-12	-0.960024001	0.183698407	1.73E-07	1.64E-05	-1.114366476
FOXN2	107.8241571	-0.832552292	0.173058772	1.50E-06	-0.736026461	0.175397588	2.71E-05	0.001187617	-0.784289377
FOXP2	50.67312107	-0.774142327	0.234497206	0.000962427	-0.92857554	0.239331011	0.000104508	0.003689178	-0.851358933
FSTL1	74.63711085	-1.828796802	0.212655471	7.98E-18	-1.606444086	0.214266103	6.51E-14	2.91E-11	-1.717620444
FTL	1202.115052	-0.45233991	0.121064155	0.000186699	-0.37388757	0.121430576	0.002076805	0.03754644	-0.41311374
FXYD6	57.59938661	1.261842149	0.235905588	8.85E-08	1.236487084	0.238126028	2.07E-07	1.89E-05	1.249164616
G3BP1	142.775274	-0.600893045	0.156997874	0.000129506	-0.67181185	0.160220965	2.75E-05	0.001199146	-0.636352447
GABARAP	1154.372818	-0.635183046	0.121632476	1.77E-07	-0.445731871	0.121878115	0.000254992	0.007693686	-0.540457458
GAP43	1386.711304	0.597080653	0.116987951	3.33E-07	0.741503951	0.11719296	2.50E-10	5.57E-08	0.669292302
GAS2L3	19.03237544	-0.939565109	0.2994924	0.001705745	-1.50713381	0.306424335	8.72E-07	6.33E-05	-1.22334946
GFPT1	127.3564699	0.732143728	0.191502489	0.000131755	0.811970628	0.192768631	2.53E-05	0.001123929	0.772057178
GHITM	626.7831353	-0.479061862	0.116517749	3.93E-05	-0.449260117	0.117378212	0.000129474	0.004413473	-0.464160989
GJA1	51.29407804	-1.156769913	0.227043519	3.49E-07	-0.897895109	0.228158952	8.31E-05	0.003065352	-1.027332511
GLIPR2	29.30535743	-0.928308505	0.262353172	0.000402571	-0.735832292	0.264171491	0.00534561	0.073991161	-0.832070399
GLRA2	18.86831902	1.029547672	0.296856333	0.000524019	1.079043731	0.298647991	0.000302563	0.008888787	1.054295701
GLUL	158.2625415	-0.677951765	0.158987703	2.01E-05	-0.508000417	0.160267109	0.001525906	0.02995136	-0.592976091
GMNN	38.38128691	-1.163196574	0.243997218	1.87E-06	-0.738018142	0.243209304	0.002409364	0.041877894	-0.950607358
GNAS	1030.583979	-0.539590965	0.128806346	2.80E-05	-0.389667493	0.12910869	0.002543353	0.043431529	-0.464629229
GNB2L1	1202.18362	-0.433291059	0.142283983	0.002324828	-0.435280671	0.1426601	0.002279491	0.040075058	-0.434285865
GNG2	418.200866	0.541277954	0.140524975	0.00011724	0.674363484	0.141078907	1.75E-06	0.000117685	0.607820719
GNG3	103.4726583	0.580736892	0.180405517	0.001286098	0.74788819	0.181616457	3.82E-05	0.00158122	0.664312541
GNG5	79.47967342	-0.601948658	0.186036642	0.001213679	-0.951451943	0.193269863	8.53E-07	6.26E-05	-0.776700301
GNL3	225.0307159	-0.506688912	0.134479348	0.000164704	-0.405824762	0.135985875	0.002842135	0.047180497	-0.456256837
GNS	317.9815877	-0.534102939	0.141338033	0.00015752	-0.5788332	0.14294325	5.14E-05	0.002029271	-0.55646807
GPC4	33.77166024	-1.120406521	0.261422523	1.82E-05	-1.175743564	0.265818348	9.73E-06	0.000499369	-1.148075042
GPM6A	319.5064676	1.810849179	0.165847143	9.37E-28	1.122645231	0.168182951	2.47E-11	6.30E-09	1.466747205
GPM6B	922.0445982	-0.649732479	0.108055853	1.82E-09	-0.5896247	0.108673272	5.77E-08	6.29E-06	-0.61967859
GPR85	36.08522044	1.827180173	0.266978653	7.71E-12	1.212664513	0.272654457	8.68E-06	0.000450835	1.519922343
GRIA4	21.77649564	1.60303688	0.298280819	7.69E-08	1.44545575	0.300652682	1.53E-06	0.000104075	1.524246315
GSTP1	194.3928096	-1.064118931	0.164078803	8.85E-11	-0.899668423	0.165254172	5.21E-08	5.81E-06	-0.981893677
H2AFZ	1253.970261	-0.685432348	0.115765948	3.20E-09	-0.656975848	0.116234517	1.58E-08	1.99E-06	-0.671204098
HADHB	87.74941611	-0.652533703	0.190678713	0.00062125	-0.572058001	0.193093792	0.003050613	0.049748374	-0.612295852
HDAC1	30.0129542	-1.012857976	0.261421116	0.000106874	-0.828389772	0.263329357	0.001656154	0.0318774	-0.920623874
HECA	62.31383076	0.718836101	0.227246985	0.001560252	0.733369899	0.22936822	0.001386977	0.028000627	0.726103
HELLS	39.88247865	-0.915543999	0.247534711	0.00021675	-1.136554035	0.253543515	7.37E-06	0.000400994	-1.026049017
HES6	101.2509954	-1.491337711	0.172338997	4.99E-18	-1.46292403	0.176302368	1.06E-16	7.29E-14	-1.477130871
HESX1	13.4479488	-1.092438801	0.305919645	0.000355622	-1.145622834	0.309135771	0.000210651	0.006647776	-1.119030818
HIGD1A	800.6627849	-0.73984624	0.123699486	2.22E-09	-0.493136366	0.123940838	6.93E-05	0.002621122	-0.616491303
HINT3	53.79369369	0.859408678	0.244700475	0.000444607	0.751433869	0.247349421	0.002381976	0.041549671	0.805421273
HMGB1	1842.010449	-0.462193034	0.131257929	0.000429504	-0.501316847	0.131565247	0.000138739	0.004640756	-0.481754941
HMGCS1	923.0328927	-0.315894541	0.122263681	0.009774245	-0.743798465	0.123598987	1.77E-09	3.18E-07	-0.529846503
HMGN3	175.8856243	-0.684579316	0.159612934	1.79E-05	-0.616338073	0.161390337	0.000134033	0.004517161	-0.650458694
HMMR	65.4475273	-0.871652509	0.226961684	0.00012277	-0.751403389	0.228950475	0.001030929	0.022239674	-0.811527949
HMP19	42.27251961	0.728830136	0.255842871	0.004389256	1.077498067	0.255940291	2.55E-05	0.001129273	0.903164102
HNRNPA1	1424.14822	-0.313252358	0.108906597	0.004023166	-0.443646641	0.109506611	5.09E-05	0.002029271	-0.378449499
HNRNPH1	461.3247766	-0.36974166	0.126811817	0.003549235	-0.458283279	0.12818645	0.000350053	0.009893437	-0.41401247
HS6ST2	17.17847431	1.168555803	0.299221108	9.41E-05	0.846263198	0.303015621	0.005225336	0.072917937	1.007409501
HS6ST3	26.19391441	1.252888562	0.282329757	9.09E-06	1.068412547	0.285516296	0.000182535	0.005879972	1.160650555
HSPD1	1070.044077	-0.473620754	0.137673726	0.000581353	-0.422479495	0.138054063	0.002211547	0.039267053	-0.448050124
HSPE1	693.3726666	-0.474836402	0.115066987	3.68E-05	-0.450825606	0.115869834	9.99E-05	0.003541103	-0.462831004
IDH1	1008.388527	-0.378418339	0.098001151	0.000112755	-0.466587735	0.098884789	2.38E-06	0.000152657	-0.422503037
IDI1	878.6041752	-0.640109901	0.134681703	2.01E-06	-0.761742902	0.135474106	1.88E-08	2.33E-06	-0.700926401
IFITM1	31.66111029	-1.03323761	0.260364252	7.23E-05	-0.751602442	0.261189601	0.004006971	0.060860983	-0.892420026
IGDCC3	229.2049713	-1.018803664	0.143562277	1.28E-12	-0.642421785	0.143499458	7.58E-06	0.000407607	-0.830612725
IGF2BP3	68.94505855	-1.097737285	0.220124599	6.14E-07	-0.791916567	0.220631687	0.000331548	0.009551801	-0.944826926
IMPAD1	98.20503164	-0.632505902	0.183615613	0.000571634	-0.646506941	0.18674164	0.000536098	0.013877956	-0.639506421
INA	302.3279252	0.504739717	0.147957545	0.000646345	0.681450154	0.148535533	4.48E-06	0.000263205	0.593094936
INSIG1	47.57662824	-0.688715827	0.242820258	0.004563677	-0.653129345	0.245605814	0.007831286	0.097140572	-0.670922586
IRF2BP2	141.0499162	-0.653869858	0.155634617	2.65E-05	-0.50389884	0.1572535	0.001353571	0.027474411	-0.578884349
KCNQ2	14.92017765	-1.139765312	0.304001086	0.000177389	-1.057959407	0.306165531	0.000549244	0.01406523	-1.09886236
KCNQ3	18.66154137	1.034586682	0.30181764	0.000608373	0.851591623	0.304363554	0.005142932	0.072219379	0.943089152
KIAA0020	124.6313402	-0.614637188	0.172522003	0.000367116	-0.497920814	0.174285666	0.004277689	0.063083622	-0.556279001
KIAA1033	82.54300044	-0.484045341	0.183052483	0.008186052	-0.573322704	0.187307077	0.002206945	0.039263404	-0.528684022
KIAA1107	74.33194524	1.019352062	0.21134581	1.41E-06	0.925589826	0.214089102	1.54E-05	0.000741768	0.972470944
KIAA1244	54.35052019	0.958822412	0.231858177	3.54E-05	1.104243857	0.23326527	2.20E-06	0.000145738	1.031533135
KIAA1598	60.13933363	0.904176438	0.238062881	0.000145835	1.085458237	0.239077128	5.62E-06	0.000323373	0.994817338
KIDINS220	328.6867912	0.714629336	0.144806799	8.01E-07	0.754444687	0.14571776	2.25E-07	2.01E-05	0.734537011
KIF20B	64.63663166	-0.703156982	0.203723282	0.000557418	-0.74541027	0.207835621	0.000335098	0.009593125	-0.724283626
KIF21A	203.7039654	1.131308025	0.150596625	5.82E-14	1.093953397	0.152207092	6.61E-13	2.19E-10	1.112630711
KIF23	20.59048305	-0.881748284	0.280660167	0.001679736	-0.990306117	0.285850478	0.000531376	0.01385528	-0.936027201
KIF3A	450.9027873	0.99915554	0.121668819	2.17E-16	0.719163675	0.123311955	5.47E-09	8.15E-07	0.859159608
KIF5C	570.0457942	0.525045801	0.126432709	3.28E-05	0.571113081	0.127082727	6.99E-06	0.000387689	0.548079441
KIFAP3	206.1568081	0.798252685	0.147160532	5.82E-08	0.519255942	0.149970989	0.000535429	0.013877956	0.658754314
KLHL13	140.4401152	0.609302784	0.173748475	0.000453514	1.380713421	0.17176197	9.09E-16	5.41E-13	0.995008102
KLHL32	8.808797431	-1.281681567	0.320310898	6.30E-05	-1.129307836	0.320634873	0.000428144	0.011657783	-1.205494702
KRR1	90.57681106	-0.490894527	0.185472704	0.008127635	-0.754860116	0.190907605	7.68E-05	0.002883292	-0.622877321
KRT222	28.24770092	0.827030566	0.298176849	0.005543565	1.230750475	0.298036642	3.64E-05	0.00153137	1.028890521
L1TD1	201.9521503	-1.343811133	0.171948729	5.49E-15	-1.098761602	0.172633173	1.96E-10	4.48E-08	-1.221286368
LAMTOR5	406.4047829	-0.44965212	0.136322483	0.000972222	-0.376844739	0.137244219	0.006036414	0.081069488	-0.413248429
LARP7	389.4220856	-0.770280622	0.121479619	2.29E-10	-0.598395146	0.122276582	9.89E-07	7.12E-05	-0.684337884
LDB3	26.10383359	-1.192217407	0.274438528	1.40E-05	-0.844459478	0.274549324	0.002099369	0.03780134	-1.018338443
LDHA	373.5667894	-0.554495197	0.128897925	1.69E-05	-0.552184004	0.130277703	2.25E-05	0.001041193	-0.553339601
LDHB	2383.823028	-0.34949744	0.11604853	0.002598328	-0.390685684	0.116321169	0.000783155	0.017980343	-0.370091562
LECT1	9.422547858	-1.343773235	0.320652379	2.78E-05	-0.963126308	0.320621236	0.002665096	0.044671511	-1.153449771
LEMD1	20.46431754	1.404767474	0.304279841	3.90E-06	1.390596815	0.305763153	5.42E-06	0.00031415	1.397682145
LEPROT	143.1842644	-0.417362963	0.155315639	0.007205549	-0.502763914	0.158537867	0.001517821	0.0299242	-0.460063439
LIMA1	119.1407954	-1.075514961	0.185771714	7.06E-09	-1.071099659	0.188550437	1.34E-08	1.75E-06	-1.07330731
LINC00493	195.7655192	0.429457183	0.163272254	0.008530621	0.443039534	0.164697882	0.007144912	0.091028828	0.436248358
LINC00678	36.37976882	-1.202843066	0.245875314	9.98E-07	-1.118280989	0.249275057	7.25E-06	0.000397389	-1.160562027
LITAF	40.42015352	-0.817406663	0.242621281	0.000754239	-0.809403947	0.246384134	0.001019353	0.022096698	-0.813405305
LMO3	152.9071264	1.867568022	0.189539256	6.64E-23	1.169393027	0.193361333	1.47E-09	2.84E-07	1.518480525
LOC440173	33.88350497	2.068804999	0.278889201	1.19E-13	1.63938685	0.282783827	6.74E-09	9.71E-07	1.854095924
LOC642366	11.36845097	0.905366379	0.317351955	0.004332526	0.908964456	0.318184773	0.004280447	0.063083622	0.907165418
LOC643401	25.04241478	-1.1222701	0.303252792	0.000214943	-0.862637923	0.303780282	0.004515921	0.06547353	-0.992454011
LOC654433	68.18349128	1.856657172	0.23159634	1.09E-15	1.93702562	0.232993097	9.28E-17	6.91E-14	1.896841396
LPPR1	56.99737965	1.441015756	0.250199936	8.44E-09	1.371231585	0.252266308	5.46E-08	6.02E-06	1.40612367
LRRN3	141.626807	1.54333816	0.18718019	1.65E-16	0.911300911	0.191256035	1.89E-06	0.000125981	1.227319536
LSAMP	168.2226729	0.810108701	0.16540636	9.70E-07	0.974770122	0.166268485	4.56E-09	6.90E-07	0.892439412
LSM5	475.4397944	-0.495882155	0.155762404	0.001454657	-0.445191308	0.156472688	0.004438781	0.064616673	-0.470536731
LUZP2	34.25018098	0.778371384	0.266448435	0.003485926	0.835390209	0.268389169	0.001854423	0.034751102	0.806880796
MAD2L1	35.16392669	-0.725565397	0.251058745	0.003852144	-0.682169948	0.254338899	0.007315506	0.092805095	-0.703867672
MAGED2	229.2940288	-0.521727421	0.155987529	0.000823794	-0.494130142	0.157562898	0.001712214	0.032720059	-0.507928782
MAP1A	232.3194599	-0.518811277	0.156851672	0.000940805	-0.811823058	0.159960718	3.87E-07	3.26E-05	-0.665317168
MAP2	732.7337638	0.817771734	0.119267652	7.05E-12	1.040668128	0.11950504	3.09E-18	2.76E-15	0.929219931
MAPK10	138.689521	0.616362992	0.175276341	0.000437242	0.502595701	0.177667349	0.004671442	0.067075	0.559479347
MAPK6	272.0849931	0.487539222	0.167879861	0.003683153	0.494596468	0.168881713	0.003404308	0.054389757	0.491067845
MAPRE1	265.4688009	-0.992799346	0.138023517	6.34E-13	-0.557473952	0.137662677	5.13E-05	0.002029271	-0.775136649
MAPRE2	138.8620927	0.559679109	0.162633554	0.000578818	0.571308178	0.164595647	0.000518563	0.013661608	0.565493643
MAPT	122.2336622	1.158868112	0.174658677	3.24E-11	1.03973841	0.177191684	4.41E-09	6.80E-07	1.099303261
6-Mar	472.3866252	0.387832627	0.131580258	0.003203562	0.426520788	0.132353754	0.001270409	0.025904165	0.407176708
MCM3	30.37017296	-0.846615864	0.256821739	0.000978935	-0.721701302	0.259444648	0.005407235	0.0743184	-0.784158583
MDK	74.83744158	-1.072396436	0.202514482	1.19E-07	-1.259459278	0.208340936	1.49E-09	2.84E-07	-1.165927857
MEF2C	45.2925908	-0.913401368	0.229600216	6.94E-05	-1.378657801	0.239641488	8.77E-09	1.22E-06	-1.146029584
MGST1	184.0650783	-1.263949162	0.171107683	1.50E-13	-1.076966319	0.172190933	3.99E-10	8.69E-08	-1.17045774
MKI67IP	207.283463	-0.561955635	0.150248963	0.000183901	-0.491251915	0.151843634	0.001215368	0.025068025	-0.526603775
MNAT1	121.1046353	-0.455783474	0.168283333	0.006760256	-0.483241386	0.171226983	0.004769143	0.068258362	-0.46951243
MORN4	127.3699091	0.605541353	0.174200266	0.000508721	0.60382522	0.17618232	0.000609672	0.014999943	0.604683287
MPHOSPH8	288.5482684	0.528739107	0.127892574	3.56E-05	0.486208413	0.12946953	0.000173073	0.00562077	0.50747376
MRPL20	108.9437023	-0.488717334	0.177973744	0.006032528	-0.492372559	0.180736087	0.006444525	0.085142086	-0.490544947
MRPS36	171.6428891	-0.429773312	0.15893096	0.006847917	-0.457640102	0.161230113	0.004533631	0.065623764	-0.443706707
MSI1	46.75870051	-0.638244614	0.223415274	0.004279845	-0.885568242	0.23025414	0.000120039	0.004139251	-0.761906428
MSMO1	1803.569417	-0.372031475	0.104534294	0.000372352	-0.527692231	0.105068843	5.10E-07	4.18E-05	-0.449861853
MT1X	175.1588801	-1.033620819	0.155505095	2.99E-11	-0.723766049	0.155872584	3.43E-06	0.000208303	-0.878693434
MTHFD2	329.780733	-1.061787335	0.161102363	4.38E-11	-0.485309617	0.16040528	0.002482048	0.042793765	-0.773548476
MYCBP2	195.6314266	0.611736678	0.155168587	8.07E-05	0.562839786	0.15693237	0.000335131	0.009593125	0.587288232
MYL1	11.87377828	-0.809947344	0.315160295	0.010171213	-0.980697195	0.317376328	0.002001473	0.03678015	-0.895322269
MYL6	2027.925257	-0.5505236	0.133489372	3.72E-05	-0.399533715	0.133636713	0.002792513	0.046443084	-0.475028658
MYT1L	49.98010267	2.010395484	0.252789867	1.82E-15	1.442067002	0.257610202	2.17E-08	2.62E-06	1.726231243
NAA20	72.27359109	0.552129417	0.205574802	0.007235995	0.550893649	0.208107727	0.008117186	0.099189083	0.551511533
NAP1L2	21.94214945	0.952070019	0.293915055	0.001198364	1.054704509	0.295325898	0.000355181	0.010006693	1.003387264
NAPB	94.87298662	0.977943045	0.190739512	2.94E-07	0.908380983	0.193280383	2.60E-06	0.000164336	0.943162014
NCAM1	181.5641806	0.809117908	0.171247317	2.30E-06	0.856897336	0.172461964	6.74E-07	5.15E-05	0.833007622
NDRG4	87.11181102	1.051070147	0.206812532	3.73E-07	1.039206414	0.208821618	6.47E-07	5.03E-05	1.04513828
NECAB1	57.14987368	-1.138445823	0.20723565	3.94E-08	-1.098440983	0.211284222	2.00E-07	1.85E-05	-1.118443403
NEDD4L	193.5628666	0.987269496	0.161251508	9.21E-10	0.942085502	0.162829926	7.22E-09	1.02E-06	0.964677499
NEFL	619.5209487	0.527689074	0.171917292	0.002144636	0.617157516	0.172244176	0.000339621	0.009690148	0.572423295
NEFM	2427.151281	0.919613607	0.124354196	1.41E-13	0.75443811	0.124603425	1.41E-09	2.79E-07	0.837025859
NEGR1	54.02411866	2.223394687	0.263089547	2.89E-17	1.36250286	0.268321861	3.82E-07	3.25E-05	1.792948774
NEUROD1	213.8372092	-1.142660441	0.163383848	2.68E-12	-1.237377822	0.166011084	9.08E-14	3.72E-11	-1.190019131
NEUROD4	125.0787515	-1.440268485	0.192633271	7.62E-14	-1.473314356	0.195793948	5.28E-14	2.48E-11	-1.456791421
NFE2L2	52.55081964	-0.81555934	0.215277676	0.000151617	-0.724068677	0.218309722	0.000910861	0.020286542	-0.769814008
NHLH1	149.8841187	-0.940668408	0.159926197	4.06E-09	-0.5414886	0.159665957	0.000695406	0.016386983	-0.741078504
NKAIN2	10.67995871	1.160773317	0.317491743	0.000256107	1.167215146	0.31820002	0.000244283	0.007446034	1.163994232
NKAIN4	89.45113844	-1.872434016	0.187994064	2.28E-23	-2.12034478	0.196709519	4.32E-27	9.65E-24	-1.996389398
NMNAT2	194.0303601	0.426945501	0.162898033	0.008768843	0.494289703	0.16413285	0.002599415	0.044039667	0.460617602
NMU	19.9075747	0.955051138	0.296320731	0.001268415	1.14266052	0.297292406	0.000121263	0.0041654	1.048855829
NOL4	14.167657	1.534444314	0.309997474	7.43E-07	0.917501823	0.313762064	0.00345347	0.054978511	1.225973068
NOP10	528.2674628	-0.501822305	0.131068788	0.000128825	-0.428314397	0.131831565	0.001158311	0.024194935	-0.465068351
NOVA1	45.9300041	0.977769997	0.235898964	3.40E-05	0.671561524	0.240759622	0.005281486	0.07347188	0.82466576
NPC2	144.9177788	-0.897873534	0.169443552	1.16E-07	-0.890512297	0.171950109	2.23E-07	2.01E-05	-0.894192915
NPEPPS	192.8988168	0.398786202	0.14407111	0.005640461	0.453955479	0.145601394	0.001822087	0.034294161	0.42637084
NPM1	743.2574112	-0.489820915	0.117213777	2.93E-05	-0.408607089	0.117824126	0.000524463	0.013776406	-0.449214002
NRAS	352.7069141	-0.449400247	0.12660595	0.00038582	-0.388419002	0.127817875	0.002374852	0.041549671	-0.418909625
NRXN1	119.2246358	0.800795224	0.190963297	2.75E-05	0.558961849	0.193891996	0.003940931	0.060164873	0.679878537
NSG1	85.20420683	0.725246655	0.19791109	0.000247815	0.777657176	0.199835157	9.96E-05	0.003541103	0.751451915
NTM	22.97269101	1.442385114	0.298823691	1.39E-06	1.210234677	0.301369701	5.92E-05	0.002261348	1.326309896
NTS	379.210225	2.75738034	0.206259228	9.24E-41	2.428881303	0.207060422	8.91E-32	7.96E-28	2.593130822
NUAK1	44.0396041	0.741931406	0.243793277	0.002340138	0.829553944	0.24572766	0.000735725	0.01706692	0.785742675
NUDT5	137.6468528	-0.672639253	0.170519379	7.99E-05	-0.570504768	0.172298174	0.00092914	0.02053998	-0.62157201
NUSAP1	133.6214936	-0.750996682	0.169760541	9.70E-06	-0.69287227	0.171956224	5.59E-05	0.00216241	-0.721934476
ODF2L	65.97712165	0.683494539	0.220523051	0.00193897	0.641593952	0.223083542	0.004027172	0.06106396	0.662544245
OLFM3	13.33810062	1.524722828	0.312958987	1.10E-06	1.318142902	0.314757127	2.82E-05	0.001215219	1.421432865
ONECUT2	335.705502	0.918005718	0.160583811	1.09E-08	0.715110757	0.161894033	1.00E-05	0.00051039	0.816558238
ORMDL3	16.24975545	-1.096178598	0.309835633	0.000403268	-0.952293579	0.310994956	0.002197996	0.039182246	-1.024236088
OSER1	204.9260052	-0.980834047	0.135032087	3.77E-13	-0.819339431	0.13646658	1.93E-09	3.31E-07	-0.900086739
PAICS	294.8177227	-0.792105706	0.124941352	2.30E-10	-0.682054199	0.126277078	6.62E-08	7.04E-06	-0.737079953
PAK3	139.3038854	1.353352392	0.174248364	8.05E-15	1.247430665	0.176374463	1.52E-12	4.85E-10	1.300391529
PAK7	22.18846163	1.293166564	0.286404933	6.33E-06	1.002616677	0.290518643	0.000558251	0.014204392	1.147891621
PBX1	213.2310228	0.761081797	0.152152266	5.67E-07	0.763736832	0.153590214	6.61E-07	5.09E-05	0.762409315
PCBP4	52.31627022	-0.994833474	0.216587101	4.36E-06	-0.702075871	0.217350519	0.001237231	0.025401635	-0.848454672
PCDH7	21.32669207	1.637674187	0.295127505	2.87E-08	1.031562244	0.300166685	0.000588997	0.014693657	1.334618216
PCLO	56.55979685	1.188938576	0.255611944	3.30E-06	1.080183109	0.257681932	2.77E-05	0.001199175	1.134560843
PCP4	62.31383038	1.16347688	0.225415973	2.45E-07	1.052464413	0.228281088	4.02E-06	0.00024062	1.107970646
PCSK1	48.03860892	1.88824639	0.264618138	9.63E-13	1.450912033	0.268242489	6.34E-08	6.82E-06	1.669579212
PCYOX1	196.7016172	0.538799489	0.15342663	0.000445128	0.503423821	0.155169629	0.00117721	0.024393657	0.521111655
PDLIM3	24.80746231	-1.514129242	0.271401166	2.42E-08	-1.143554694	0.271185753	2.48E-05	0.001111744	-1.328841968
PEG10	565.7496129	0.861931156	0.159340972	6.33E-08	0.462196942	0.160445352	0.003967773	0.060368282	0.662064049
PFDN4	528.5959045	-0.606447986	0.142515385	2.09E-05	-0.503410065	0.143143955	0.000436767	0.011784782	-0.554929025
PGK1	855.1426757	-0.479727738	0.118142615	4.90E-05	-0.489371127	0.118841439	3.82E-05	0.00158122	-0.484549432
PGM2L1	619.0796231	0.884881014	0.128550809	5.84E-12	0.869394082	0.129209895	1.71E-11	4.64E-09	0.877137548
PHB	125.1571039	-0.89043678	0.17132366	2.02E-07	-0.606414252	0.171937176	0.000420372	0.011481174	-0.748425516
PHLDA1	271.1362007	-0.568642223	0.134809267	2.46E-05	-0.67583318	0.137146815	8.32E-07	6.24E-05	-0.622237702
PKIA	151.4598151	0.499746385	0.173143262	0.00389779	0.714878296	0.173844035	3.92E-05	0.001605684	0.607312341
PKIB	146.9453052	-0.460975106	0.170757389	0.006942477	-0.542988998	0.173464401	0.001746505	0.033258081	-0.501982052
PLCB1	29.90140259	1.387849904	0.277950557	5.94E-07	1.634820508	0.278609999	4.42E-09	6.80E-07	1.511335206
PLCB4	22.47794566	0.86680157	0.288355535	0.002646944	0.784105965	0.291002579	0.007049468	0.09064387	0.825453768
PLIN2	17.57649804	-0.754065267	0.294213942	0.010377719	-0.907058271	0.298575385	0.002381903	0.041549671	-0.830561769
PLS3	175.3418044	-0.917747439	0.153467986	2.23E-09	-0.847287365	0.155481437	5.05E-08	5.79E-06	-0.882517402
PLXNA4	34.72760028	0.858709938	0.268507439	0.001383429	1.138470927	0.269017012	2.32E-05	0.00106099	0.998590432
PMAIP1	24.05437066	-1.067527308	0.269405108	7.42E-05	-0.979549014	0.272716731	0.000328378	0.009491094	-1.023538161
POLR2H	117.0946114	-0.674757408	0.170714725	7.73E-05	-0.647998455	0.173381332	0.00018592	0.005951437	-0.661377932
POLR3G	33.94510963	-1.366115533	0.263754829	2.22E-07	-0.8042255	0.261662944	0.002115517	0.038015449	-1.085170516
PPIA	2456.814021	-0.391049662	0.14226877	0.00598379	-0.42795483	0.142469415	0.002665985	0.044671511	-0.409502246
PPIP5K2	222.633383	0.624534951	0.162085253	0.000116619	0.477173948	0.163895107	0.003597447	0.056267596	0.55085445
PPP1R14C	54.58379436	-1.065547447	0.210649624	4.23E-07	-0.942349765	0.213550063	1.02E-05	0.000517851	-1.003948606
PPP1R15A	48.73573644	-0.720071641	0.230253865	0.001764231	-0.681677865	0.233471328	0.003503125	0.05532278	-0.700874753
PPP1R17	1190.598117	-1.464602995	0.126432577	4.96E-31	-1.379979709	0.126914276	1.54E-27	6.90E-24	-1.422291352
PPP1R9A	35.1952692	0.909850577	0.260246657	0.000472097	0.818220108	0.263319953	0.001887901	0.035273731	0.864035342
PPP2R2B	49.11023467	1.148886729	0.241608089	1.98E-06	1.063474425	0.244378792	1.35E-05	0.000666409	1.106180577
PRDX1	3599.00802	-1.178804425	0.129527251	8.97E-20	-1.151115166	0.129696239	6.96E-19	8.88E-16	-1.164959796
PRDX3	813.611721	-0.523539519	0.113890248	4.29E-06	-0.361227593	0.114308497	0.001577088	0.030553085	-0.442383556
PRDX6	281.9126716	-0.47741162	0.144806128	0.000977576	-0.433856798	0.146138076	0.002989513	0.049079667	-0.455634209
PREPL	186.8577717	0.687660558	0.171229452	5.92E-05	0.738587352	0.172411705	1.84E-05	0.00086796	0.713123955
PREX1	20.4192881	-1.873781032	0.296586486	2.65E-10	-1.808074949	0.299638469	1.60E-09	2.97E-07	-1.840927991
PRKAR2B	71.24553106	0.609722854	0.211449747	0.003932383	0.702022842	0.213233419	0.000993807	0.021648033	0.655872848
PRKCB	29.89185203	1.559958065	0.277461979	1.88E-08	1.441761363	0.280197277	2.67E-07	2.34E-05	1.500859714
PSENEN	129.2553145	-0.770538727	0.174556732	1.01E-05	-0.580153549	0.175788255	0.000965824	0.0212982	-0.675346138
PSMA2	1617.283577	-0.550985104	0.136297041	5.29E-05	-0.386762086	0.136465131	0.004594835	0.066187861	-0.468873595
PSMA7	293.8842061	-0.655592091	0.161831579	5.10E-05	-0.576131974	0.16285319	0.00040357	0.011124326	-0.615862033
PSMD11	276.9481227	-0.397658851	0.133280687	0.002848608	-0.573310482	0.135851193	2.44E-05	0.001101288	-0.485484667
PSMD14	562.3704632	-0.447172691	0.122979795	0.000276746	-0.402180562	0.123821677	0.001161937	0.024194935	-0.424676626
PTPRG	27.87352761	0.82260233	0.278308135	0.00311935	0.769147076	0.280857101	0.006170686	0.082009518	0.795874703
PTTG1	118.2375259	-0.596502087	0.164193123	0.000280221	-0.860305514	0.169572661	3.91E-07	3.26E-05	-0.7284038
RAN	334.7321265	-0.646562015	0.152539671	2.25E-05	-0.499877773	0.153285251	0.001109828	0.023712624	-0.573219894
RASAL2	40.52498879	0.653971007	0.251055706	0.009190535	0.688786371	0.253351479	0.006553925	0.086078097	0.671378689
RASD1	8.577488227	-0.935451739	0.319350296	0.003397985	-0.948631769	0.320284933	0.003058096	0.049748374	-0.942041754
RBFOX1	9.769763802	0.915975419	0.317544023	0.003919586	1.350235696	0.317371675	2.10E-05	0.000974883	1.133105557
RBM3	259.3167338	-0.67612812	0.130143478	2.04E-07	-0.649757848	0.132004998	8.56E-07	6.26E-05	-0.662942984
RBM39	285.1861013	-0.545096271	0.141502496	0.00011706	-0.52091401	0.142980915	0.000269226	0.008041662	-0.533005141
RBM4	73.57924292	0.68372161	0.202328814	0.000726813	0.553870623	0.20573221	0.007098405	0.090854435	0.618796117
RBMS3	230.9683899	0.976233888	0.148039901	4.27E-11	0.697820155	0.150457415	3.52E-06	0.000212299	0.837027022
RBMX2	61.44873567	-0.661835901	0.213983075	0.00198187	-0.924817785	0.220194234	2.67E-05	0.001174247	-0.793326843
RIN2	19.14093466	1.051975129	0.29879462	0.000430361	1.34783872	0.299146082	6.62E-06	0.000371728	1.199906925
RNA45S5	44.1290315	-0.671211441	0.254268173	0.008296043	-1.262878523	0.262439618	1.49E-06	0.000104075	-0.967044982
RNF144A	98.3353295	0.734646041	0.206751938	0.00038047	0.704669764	0.208684233	0.000733537	0.01706047	0.719657903
ROMO1	112.7302264	-0.917180796	0.201499951	5.32E-06	-0.743228713	0.202750139	0.000246627	0.007491929	-0.830204755
ROR1	17.17958713	-1.227137882	0.294033101	3.00E-05	-1.230369206	0.297597935	3.56E-05	0.001506781	-1.228753544
RPL10	3485.639115	-0.822222195	0.136280267	1.61E-09	-0.831756375	0.136440088	1.09E-09	2.21E-07	-0.826989285
RPL10A	552.9707484	-0.673809716	0.156666785	1.70E-05	-0.520789798	0.157098566	0.000916263	0.020356086	-0.597299757
RPL11	2356.73919	-0.378574027	0.140454831	0.007031608	-0.38039536	0.140648084	0.00683888	0.08864737	-0.379484693
RPL13	285.7697151	-0.601376933	0.133128271	6.26E-06	-0.541226831	0.134587736	5.79E-05	0.002227403	-0.571301882
RPL18	435.8887429	-1.062398461	0.187395515	1.43E-08	-0.88877687	0.187808631	2.22E-06	0.00014574	-0.975587665
RPL18A	722.6143112	-0.632446463	0.140050803	6.31E-06	-0.422148011	0.140335213	0.002628518	0.044209586	-0.527297237
RPL22	1056.818219	-0.500507342	0.1600363	0.00176323	-0.464246647	0.16036133	0.00379154	0.058635221	-0.482376994
RPL22L1	63.26900279	-0.982273177	0.220808421	8.65E-06	-0.742888293	0.22193406	0.000815917	0.018589167	-0.862580735
RPL23	1191.384419	-0.421421412	0.15889516	0.007996965	-0.456579077	0.159244669	0.004141807	0.062378547	-0.439000245
RPL23A	675.3230073	-0.470261086	0.135784636	0.00053362	-0.56355807	0.13668821	3.74E-05	0.001568409	-0.516909578
RPL23AP53	71.13551108	0.595211989	0.20603752	0.003866505	0.758852795	0.207405379	0.000253409	0.007671837	0.677032392
RPL27	2044.690433	-0.610025904	0.149758111	4.63E-05	-0.584000828	0.149957708	9.84E-05	0.00351621	-0.597013366
RPL30	1730.01724	-0.503210379	0.159511232	0.001606622	-0.444532332	0.159697806	0.005376186	0.074211313	-0.473871356
RPL31	2930.874514	-0.373035595	0.14590053	0.010564593	-0.426297371	0.146068675	0.003517512	0.05540547	-0.399666483
RPL36A	204.5262369	-0.403931634	0.147342697	0.006116994	-0.578232642	0.150340335	0.000119985	0.004139251	-0.491082138
RPL36AL	613.2767987	-0.620230823	0.115719102	8.33E-08	-0.519313127	0.116439239	8.20E-06	0.000431256	-0.569771975
RPL37	1085.591011	-0.437870182	0.160768535	0.006457345	-0.464917135	0.161138463	0.003911617	0.059855022	-0.451393658
RPL4	2800.281726	-0.509914469	0.123444743	3.62E-05	-0.594852756	0.123694563	1.52E-06	0.000104075	-0.552383613
RPL41	5327.188503	-0.480109526	0.134868044	0.000371072	-0.438162554	0.134950135	0.001166908	0.0242364	-0.45913604
RPL7	3302.469229	-0.448008098	0.12275186	0.000262541	-0.440181431	0.122916813	0.000342108	0.009699568	-0.444094764
RPL7A	1395.883167	-0.553348701	0.148543523	0.00019519	-0.6022811	0.148900557	5.24E-05	0.002059859	-0.5778149
RPLP0	1075.046483	-0.679597193	0.174381323	9.73E-05	-0.603382582	0.174637121	0.00055016	0.01406523	-0.641489888
RPLP1	1167.818002	-0.968786178	0.142749249	1.15E-11	-0.96517401	0.143197738	1.58E-11	4.56E-09	-0.966980094
RPLP2	324.4827902	-0.827570277	0.158173051	1.68E-07	-0.917015519	0.15982158	9.59E-09	1.30E-06	-0.872292898
RPN2	438.5595444	-0.845033492	0.1357001	4.75E-10	-0.776209441	0.136683407	1.36E-08	1.75E-06	-0.810621467
RPS11	1766.213993	-0.430118193	0.161469959	0.007727128	-0.528067574	0.161738825	0.001094872	0.023449171	-0.479092883
RPS12	1268.148795	-0.473077134	0.154056487	0.002134839	-0.540488113	0.154435974	0.000465686	0.012415036	-0.506782624
RPS13	3056.583306	-0.468417408	0.139408316	0.000779314	-0.445043571	0.139552052	0.001427231	0.028579829	-0.45673049
RPS15A	2489.898283	-0.607699163	0.162629822	0.00018645	-0.617996193	0.162789573	0.000146879	0.004858415	-0.612847678
RPS16	422.289153	-0.831554857	0.153052585	5.54E-08	-0.824944766	0.154093949	8.63E-08	9.06E-06	-0.828249811
RPS18	874.0797951	-0.686797195	0.150100038	4.75E-06	-0.506595001	0.150357618	0.000753683	0.017393136	-0.596696098
RPS19	1495.980133	-0.849973614	0.157505763	6.80E-08	-0.648341978	0.157637055	3.91E-05	0.001605684	-0.749157796
RPS21	264.8788866	-1.079415149	0.190117197	1.37E-08	-0.944901601	0.190906403	7.44E-07	5.63E-05	-1.012158375
RPS23	2979.576701	-0.612773631	0.134003137	4.81E-06	-0.52927061	0.134136799	7.95E-05	0.002960245	-0.57102212
RPS25	1765.130193	-0.585391321	0.146268552	6.28E-05	-0.560452309	0.14650695	0.000130543	0.004416217	-0.572921815
RPS27	3134.48088	-0.734445531	0.138816974	1.22E-07	-0.670334658	0.138951252	1.41E-06	9.96E-05	-0.702390094
RPS27A	2170.026652	-0.621932404	0.168312876	0.000219803	-0.567784563	0.168456074	0.000750265	0.017359102	-0.594858483
RPS27L	805.0227607	-1.118722361	0.1359518	1.89E-16	-1.182451018	0.136825976	5.52E-18	4.48E-15	-1.15058669
RPS29	1094.711026	-0.518735523	0.170309398	0.002320297	-0.516107086	0.170623761	0.002487767	0.042809725	-0.517421305
RPS3	373.1773897	-0.75804872	0.16213911	2.94E-06	-0.834514281	0.163450008	3.30E-07	2.86E-05	-0.796281501
RPS6	4865.159818	-0.782534922	0.132902782	3.91E-09	-0.698609715	0.132990126	1.50E-07	1.45E-05	-0.740572318
RPS7	1896.838261	-0.665401047	0.15542802	1.86E-05	-0.573733959	0.155593954	0.000226575	0.007001883	-0.619567503
RPS9	390.3752705	-0.447720281	0.129581477	0.000550036	-0.401327237	0.130700165	0.002136329	0.038312359	-0.424523759
RSL1D1	610.968311	-0.48012635	0.122973666	9.45E-05	-0.360109335	0.123571343	0.003566224	0.056073844	-0.420117843
RSU1	212.4113973	-0.742603395	0.147499465	4.79E-07	-0.541631968	0.148430571	0.000263202	0.007914678	-0.642117681
RTN1	286.3526429	0.532617733	0.166014457	0.001335402	0.75516965	0.166404421	5.67E-06	0.000323373	0.643893691
RUNDC3B	41.29865365	1.184369876	0.252639391	2.76E-06	1.065471532	0.255725539	3.09E-05	0.001321956	1.124920704
S100A13	84.70597107	-1.247283706	0.197843454	2.89E-10	-1.188927474	0.200895771	3.26E-09	5.39E-07	-1.21810559
SALL4	14.15532719	-1.022167113	0.30222099	0.000719119	-1.174310133	0.306494275	0.000127403	0.004359515	-1.098238623
SBK1	74.6934541	1.055066747	0.231441168	5.15E-06	0.733533623	0.234690411	0.001774806	0.033582186	0.894300185
SCAMP1	229.2131179	0.582527238	0.135711338	1.77E-05	0.596912511	0.137263792	1.37E-05	0.000672164	0.589719874
SCAPER	218.1856928	0.574749449	0.140547313	4.33E-05	0.392463585	0.142998842	0.006059894	0.081140801	0.483606517
SCD	487.036336	-0.461441112	0.136344624	0.000713409	-0.734156677	0.138098129	1.06E-07	1.07E-05	-0.597798894
SCD5	118.4746559	0.463591826	0.168980735	0.006079552	0.474167071	0.171172562	0.005603712	0.076407249	0.468879449
SCG5	270.3485682	1.338990686	0.168119612	1.66E-15	1.482873529	0.168681701	1.48E-18	1.66E-15	1.410932108
SCML2	142.9590063	-0.923145541	0.159108153	6.55E-09	-1.085146361	0.163376748	3.09E-11	7.68E-09	-1.004145951
SCN2A	30.78480447	1.54823957	0.270533093	1.05E-08	1.015243997	0.27619668	0.000237104	0.007276906	1.281741783
SCN3B	133.9002334	0.60439702	0.170189317	0.000383302	0.739890125	0.171403581	1.58E-05	0.000760631	0.672143572
SCN9A	24.68725904	1.230256543	0.289133749	2.09E-05	1.355547484	0.290445938	3.05E-06	0.000188132	1.292902014
SDHD	111.7101955	-0.764992318	0.185428703	3.70E-05	-0.61594927	0.186993067	0.000987836	0.021570564	-0.690470794
SEMA3C	147.6713274	0.514951848	0.174265459	0.003126841	0.823996192	0.174537245	2.35E-06	0.000151859	0.66947402
SEMA6A	71.64895717	-0.543779708	0.19815385	0.006065305	-0.599806213	0.20213995	0.003004454	0.049234449	-0.571792961
11-Sep	468.2988211	-0.43423445	0.125807121	0.000557296	-0.433115782	0.126919079	0.000643617	0.015369366	-0.433675116
SERF2	447.6961939	-0.689442409	0.153079371	6.67E-06	-0.490774392	0.153513428	0.001388901	0.028000627	-0.5901084
SERINC3	472.2574736	-0.575599922	0.126305576	5.18E-06	-0.602284534	0.127543582	2.33E-06	0.000151859	-0.588942228
SERPINB9	228.1744944	0.498609398	0.17676552	0.004791317	0.604298531	0.177553897	0.000665369	0.015804273	0.551453965
SERPINI1	201.8696672	0.790275476	0.173194711	5.04E-06	0.708868975	0.174719826	4.97E-05	0.002007244	0.749572225
SESN3	118.4192118	-0.734992934	0.187141704	8.58E-05	-0.93412424	0.191106411	1.02E-06	7.28E-05	-0.834558587
SESTD1	80.70002839	0.687202612	0.196627313	0.000474151	0.635274819	0.199411675	0.001443816	0.028718758	0.661238715
SFRP1	72.30013185	-1.315215023	0.200365612	5.24E-11	-0.780947871	0.198415082	8.29E-05	0.003065352	-1.048081447
SGIP1	26.90547906	0.824258827	0.272244724	0.002464721	0.78638266	0.275180594	0.004267281	0.063083622	0.805320744
SH3BGRL3	143.6980659	-0.530942999	0.158645755	0.000817736	-0.639433608	0.162052234	7.95E-05	0.002960245	-0.585188304
SHFM1	674.4242109	-0.472099321	0.110477254	1.93E-05	-0.398396858	0.111215162	0.00034069	0.009690148	-0.435248089
SHISA9	128.7663938	-0.796770327	0.175651975	5.73E-06	-0.727641117	0.177753318	4.25E-05	0.001732486	-0.762205722
SHOX2	63.91809143	-1.115731904	0.205216495	5.42E-08	-1.09223473	0.209111403	1.76E-07	1.65E-05	-1.103983317
SIM1	33.06145686	1.835745093	0.271601554	1.39E-11	1.086012377	0.278100507	9.42E-05	0.003378124	1.460878735
SIX1	139.752969	-1.287412782	0.161428595	1.52E-15	-1.257197241	0.164432907	2.08E-14	1.09E-11	-1.272305012
SLC12A2	145.3496726	-0.656736349	0.174355354	0.00016545	-0.502902433	0.175645512	0.004194294	0.062640874	-0.579819391
SLC16A1	79.32192713	-0.798700419	0.187998833	2.15E-05	-0.571502731	0.18932228	0.002538814	0.043431529	-0.685101575
SLC16A14	30.31177217	0.943223428	0.270730728	0.000493996	1.103272328	0.27207892	5.01E-05	0.002017133	1.023247878
SLC17A6	164.8262418	1.042431875	0.161453273	1.07E-10	0.789407269	0.164259796	1.54E-06	0.000104262	0.915919572
SLC25A14	71.29774368	-0.568743286	0.193551042	0.003298401	-0.62536144	0.197706975	0.001561136	0.03037583	-0.597052363
SLC25A5	181.6257954	-0.706141223	0.162301983	1.36E-05	-0.474901262	0.163059317	0.003586116	0.056188768	-0.590521242
SLC25A6	63.83672237	-0.631879747	0.205381465	0.002093653	-0.702702764	0.209726804	0.000806476	0.018421069	-0.667291256
SLC2A3	164.3063117	-0.447031675	0.153930665	0.00368298	-0.529745764	0.156792498	0.000728447	0.016986324	-0.488388719
SLIRP	1007.839646	-0.560168367	0.12667659	9.78E-06	-0.446153729	0.127046734	0.000445201	0.011976184	-0.503161048
SLITRK4	17.35039208	1.522840186	0.306040349	6.49E-07	1.00746753	0.309599249	0.001137514	0.024016881	1.265153858
SLK	56.78085057	-0.691902049	0.214872337	0.001281633	-0.814212003	0.219893897	0.000213275	0.006660012	-0.753057026
SLMO2	176.084006	-0.86896736	0.153423281	1.48E-08	-0.830632926	0.155619702	9.42E-08	9.78E-06	-0.849800143
SMIM7	104.824987	-0.578188865	0.191458709	0.002528463	-0.695521803	0.194928586	0.0003596	0.01009932	-0.636855334
SNAP25	29.54068712	0.901759742	0.284583554	0.001531227	0.960488139	0.286188517	0.000790391	0.018099963	0.93112394
SNAP91	24.56739727	0.734220076	0.283935292	0.009713324	1.013972634	0.284464037	0.000364548	0.010142601	0.874096355
SNCA	81.16228772	1.273170114	0.203864467	4.23E-10	0.794704939	0.208867377	0.000141901	0.004728811	1.033937527
SNHG5	579.7219928	-0.870293136	0.141968579	8.78E-10	-0.830800414	0.142749072	5.88E-09	8.62E-07	-0.850546775
SNRPD2	875.826767	-0.586295862	0.126254529	3.42E-06	-0.476554454	0.126692638	0.000168897	0.005505177	-0.531425158
SNRPE	559.2028805	-0.485378351	0.133962557	0.000290937	-0.447913947	0.134746539	0.000886974	0.019931864	-0.466646149
SNRPF	216.6551512	-0.667761371	0.156133962	1.90E-05	-0.589545508	0.157575298	0.000183029	0.005879972	-0.62865344
SNRPG	1048.449864	-0.604425109	0.126363125	1.72E-06	-0.432185316	0.126641733	0.000643319	0.015369366	-0.518305212
SNX10	20.412224	0.964557869	0.296343578	0.001134469	1.072898265	0.29771486	0.000313625	0.009153544	1.018728067
SPARC	330.125164	-1.55164942	0.136057145	3.98E-30	-1.29073574	0.136622202	3.47E-21	5.17E-18	-1.42119258
SPAST	337.3844671	0.416225538	0.149136644	0.005256162	0.432468339	0.150100211	0.003961674	0.060368282	0.424346938
SPOCK1	31.21933575	0.955714123	0.27468173	0.00050263	1.373064998	0.274345275	5.59E-07	4.54E-05	1.16438956
SPOCK3	42.68290297	0.627392224	0.243007858	0.009829293	0.7022203	0.245129285	0.004174129	0.062444128	0.664806262
SPP1	75.46340363	-1.0393244	0.198510669	1.64E-07	-0.70604251	0.198784409	0.000382605	0.010579093	-0.872683455
SRSF12	38.77894172	0.861309632	0.245146434	0.000442328	0.729356637	0.24896225	0.003394125	0.054324246	0.795333135
SRSF3	923.8130531	-0.699894263	0.126635055	3.26E-08	-0.656204479	0.12717485	2.47E-07	2.19E-05	-0.678049371
SRSF5	286.8684547	-0.429372232	0.168800452	0.010969543	-0.474127251	0.170125958	0.005321179	0.07379418	-0.451749741
SRSF6	657.8716657	-0.629427005	0.109454765	8.89E-09	-0.551385224	0.110239014	5.68E-07	4.57E-05	-0.590406114
SRSF7	496.754369	-0.550703213	0.12529407	1.11E-05	-0.494457579	0.126214839	8.94E-05	0.003256944	-0.522580396
SSBP1	697.9452	-0.549509671	0.119446434	4.22E-06	-0.353786433	0.119831707	0.003153542	0.050929994	-0.451648052
ST18	86.97994211	-0.763140063	0.187683173	4.78E-05	-0.59048134	0.189408941	0.001823953	0.034294161	-0.676810701
ST8SIA1	111.6068214	0.611290621	0.203900975	0.002717774	0.961212398	0.203984047	2.45E-06	0.000156333	0.78625151
STAG2	128.0259747	-1.127431311	0.174890393	1.14E-10	-0.474395928	0.172682114	0.006010262	0.080839837	-0.80091362
STMN3	92.67201824	-1.113486502	0.182191054	9.86E-10	-1.118847682	0.185953601	1.78E-09	3.18E-07	-1.116167092
STMN4	85.10504836	0.639809084	0.204624155	0.001767487	0.748939383	0.206119281	0.000279576	0.008267867	0.694374233
SUPT4H1	226.6268923	-0.47376655	0.148296155	0.001399605	-0.484285378	0.150164756	0.001259608	0.02579586	-0.479025964
SV2A	21.03722483	1.122653713	0.297768774	0.000163104	1.083085907	0.299729282	0.000302036	0.008888787	1.10286981
SVIP	153.167587	-0.878393421	0.180388901	1.12E-06	-0.671403576	0.181321308	0.0002132	0.006660012	-0.774898498
SYPL1	35.83656849	-0.827840301	0.246906411	0.000799839	-0.871088908	0.251352556	0.000529038	0.01385528	-0.849464605
SYT1	300.4912814	0.737520873	0.142866029	2.44E-07	0.664855713	0.144243922	4.04E-06	0.00024062	0.701188293
SYT11	227.7994891	1.236243079	0.157069064	3.53E-15	0.520339144	0.160945546	0.001224917	0.025206763	0.878291112
SYT13	64.23728099	1.495922563	0.221573807	1.46E-11	0.821300523	0.227977038	0.000315101	0.009166667	1.158611543
SYT4	1055.101204	1.054176113	0.112705491	8.49E-21	0.69295603	0.113590391	1.06E-09	2.20E-07	0.873566071
TAC1	60.08632749	1.280947117	0.241382916	1.12E-07	1.822266532	0.240468958	3.51E-14	1.74E-11	1.551606824
TAF9B	167.2149964	1.966053689	0.1906195	6.09E-25	2.037036451	0.191529473	2.03E-26	3.63E-23	2.00154507
TAOK3	38.86711735	0.81025011	0.246456289	0.001010447	0.737410953	0.249707905	0.00314606	0.050901198	0.773830531
TBC1D20	42.98081182	0.913246158	0.244663713	0.000189469	0.660530491	0.248984871	0.007980491	0.098221664	0.786888324
TCEAL5	11.34869773	0.813968361	0.317530423	0.010364233	1.099163415	0.317710617	0.000540904	0.013961889	0.956565888
TCEAL7	449.0927562	0.729234324	0.147922487	8.23E-07	1.084666776	0.147955812	2.28E-13	8.16E-11	0.90695055
TERF1	507.0036558	-0.594774607	0.121169988	9.17E-07	-0.47849746	0.121933746	8.70E-05	0.003197645	-0.536636033
TES	59.92541461	0.844109369	0.215344752	8.86E-05	0.804043512	0.218235027	0.000229331	0.00706261	0.824076441
TFAP2C	23.9345221	-1.349745558	0.278868505	1.30E-06	-0.779882876	0.2764529	0.004786921	0.068403188	-1.064814217
TGFB3	11.75273645	-0.946425107	0.313180138	0.002511245	-1.081167738	0.31571367	0.000615887	0.015028647	-1.013796422
THSD7B	54.58971898	-0.767050646	0.223819028	0.00061006	-0.599220764	0.22572276	0.007938465	0.098061449	-0.683135705
TMBIM6	1184.426878	-0.455838319	0.113075582	5.55E-05	-0.302141142	0.113374726	0.007699338	0.095769898	-0.378989731
TMCC1	79.59926879	0.747044889	0.198118823	0.000162796	0.688583504	0.200909201	0.000609533	0.014999943	0.717814197
TMEM163	19.34002181	0.892452149	0.298352804	0.002778247	1.206029646	0.298615272	5.37E-05	0.002095818	1.049240898
TMEM169	188.561408	-0.490110421	0.150504841	0.001128176	-0.469865993	0.15251931	0.002065157	0.037411601	-0.479988207
TMEM196	7.634490607	0.967848151	0.317158164	0.002276054	1.042683713	0.31694071	0.001002449	0.021783153	1.005265932
TMEM35	252.2533957	1.041116789	0.185612484	2.03E-08	0.620864629	0.187494538	0.000928389	0.02053998	0.830990709
TMEM64	28.27127884	-1.098925765	0.268506103	4.26E-05	-0.851467029	0.269703973	0.001593779	0.03074306	-0.975196397
TMEM97	319.0888057	-0.419087503	0.15312611	0.006202526	-0.920528344	0.156256531	3.84E-09	6.12E-07	-0.669807923
TMOD2	245.3642642	0.398297862	0.149409131	0.007680078	0.617898498	0.149956929	3.78E-05	0.001577701	0.50809818
TMSB15B	648.4249659	-0.578344495	0.14687012	8.22E-05	-0.44398435	0.147300761	0.002577133	0.043757361	-0.511164423
TMSB4X	56611.19205	-0.628909799	0.128055278	9.05E-07	-0.428000575	0.128059732	0.000831187	0.018840941	-0.528455187
TMX2	228.3145567	-0.441266203	0.143787899	0.002148709	-0.485260099	0.145877348	0.00087946	0.01983448	-0.463263151
TMX4	12.63119868	1.221039216	0.313984244	0.000100718	1.001988713	0.315838394	0.001511467	0.029864853	1.111513964
TNFRSF19	46.6987791	-0.99729618	0.246710215	5.29E-05	-0.87630218	0.248956441	0.000431707	0.011719071	-0.93679918
TOB1	48.77511319	-0.742283371	0.236978497	0.001734535	-0.881552517	0.241730884	0.000265491	0.007956707	-0.811917944
TOMM6	369.1915878	-0.536974409	0.140975683	0.000139538	-0.576552057	0.142360252	5.12E-05	0.002029271	-0.556763233
TP53INP1	80.00382946	-0.91678637	0.189616658	1.33E-06	-0.73714595	0.191457339	0.000118029	0.00410163	-0.82696616
TP53INP2	20.43258646	-0.925715562	0.280642393	0.000971824	-0.80634315	0.283227336	0.004413585	0.064605003	-0.866029356
TPD52	31.37892176	0.719307846	0.267341527	0.007132467	0.850670737	0.268917799	0.001559854	0.03037583	0.784989291
TPD52L2	13.50272181	-0.837085901	0.301001659	0.005419158	-1.102420463	0.306435913	0.000321221	0.009314364	-0.969753182
TPI1	253.3236296	-0.638389326	0.155305785	3.95E-05	-0.579594269	0.156644847	0.000215554	0.006707719	-0.608991798
TRAPPC2	1110.183607	0.465278301	0.118795609	8.98E-05	0.534780407	0.119136933	7.16E-06	0.000394891	0.500029354
TRDN	21.10223858	-1.331278171	0.294509952	6.17E-06	-1.196435242	0.296404375	5.43E-05	0.002106758	-1.263856707
TRIAP1	104.1261968	-0.814062245	0.198378426	4.07E-05	-0.663717649	0.199880291	0.00089832	0.020074303	-0.738889947
TRIM13	252.0293528	0.461297735	0.146263057	0.001611093	0.507808159	0.147447279	0.00057318	0.01446064	0.484552947
TRIM2	281.5286811	0.487026033	0.136686631	0.000366522	0.522422371	0.137890937	0.00015146	0.004973117	0.504724202
TSPAN6	112.09488	-0.658346738	0.199110308	0.000944888	-0.572339441	0.20082445	0.004372624	0.064230106	-0.61534309
TSPAN7	154.6915776	0.762110834	0.163874518	3.31E-06	0.840633407	0.16525733	3.64E-07	3.13E-05	0.80137212
TTC3	480.4815708	0.701463578	0.124081713	1.57E-08	0.657999147	0.12505926	1.43E-07	1.40E-05	0.679731363
TUB	22.58423073	1.100992442	0.293945097	0.000179983	1.039654346	0.296128581	0.000446726	0.011981101	1.070323394
TUBB3	581.9405011	-0.731434557	0.138303222	1.23E-07	-0.668782088	0.139019525	1.50E-06	0.000104075	-0.700108322
TXNDC16	48.94111254	-1.755102721	0.228160852	1.44E-14	-1.61950802	0.231378016	2.57E-12	7.65E-10	-1.687305371
TXNDC17	232.6718686	-0.835462914	0.169510699	8.28E-07	-0.579510089	0.169992386	0.00065193	0.015526361	-0.707486501
UBA52	1346.401439	-0.529114157	0.133867826	7.73E-05	-0.531569672	0.134244903	7.50E-05	0.002827912	-0.530341915
UBE2C	12.47844531	-0.900416775	0.30571699	0.003226808	-0.925648509	0.308735013	0.002715817	0.045421279	-0.913032642
UBE2L3	388.6397703	-0.4592578	0.129248018	0.000380421	-0.441904702	0.130483801	0.000707482	0.016600093	-0.450581251
UGP2	190.9074033	-0.893105701	0.149518679	2.33E-09	-0.64666299	0.150266325	1.68E-05	0.000803131	-0.769884345
USP44	46.9649192	-1.624920756	0.232603894	2.83E-12	-0.877414562	0.227479933	0.000114737	0.004002787	-1.251167659
VIM	100.8778121	0.771068113	0.191573091	5.70E-05	0.786700192	0.193511675	4.80E-05	0.001946652	0.778884153
VRK1	202.6044126	-0.546071296	0.147837916	0.000221	-0.425871103	0.149206393	0.00431397	0.06347293	-0.4859712
WDR3	64.14509677	-0.572881603	0.207220961	0.005699387	-0.669279235	0.211686558	0.001568769	0.030457993	-0.621080419
WNK3	177.8282341	0.828411894	0.156749841	1.26E-07	0.547975003	0.159676865	0.000599646	0.014917651	0.688193449
XPR1	228.8211948	1.128390752	0.146204213	1.18E-14	1.072886825	0.147775605	3.86E-13	1.33E-10	1.100638788
XRN2	238.0073669	0.734506355	0.159664138	4.22E-06	0.704190974	0.160978506	1.22E-05	0.000610841	0.719348665
ZCCHC11	50.49231793	0.751354478	0.241797106	0.001887563	0.656075944	0.244660694	0.007327654	0.092827342	0.703715211
ZFAS1	347.8487733	-0.74993037	0.187694444	6.46E-05	-0.702404914	0.188462909	0.000193758	0.006180174	-0.726167642
ZFP42	85.69059549	-0.575744253	0.21524854	0.007477648	-0.65048261	0.218161311	0.002866912	0.047503515	-0.613113431
ZMYND8	37.86737791	-0.871275751	0.242496824	0.000326972	-0.755840106	0.245226143	0.002054652	0.037339363	-0.813557928
ZNF217	33.15939313	-0.771630872	0.248553033	0.001906062	-1.113741535	0.256927356	1.46E-05	0.000711843	-0.942686203
ZNF512	187.3958205	0.525456879	0.146762535	0.000343173	0.413320061	0.149110253	0.00557286	0.076151388	0.46938847
ZNF521	36.77892885	1.091395527	0.255528803	1.94E-05	0.809073671	0.259955809	0.001856038	0.034751102	0.950234599
ZNF605	30.7842014	0.799907683	0.261352295	0.002208577	0.706184266	0.26482382	0.007661845	0.095769898	0.753045974
ZNF702P	12.01160046	-1.038952395	0.312872785	0.000897964	-0.845819357	0.313775182	0.007025729	0.090543708	-0.942385876
ZNF709	105.8620471	0.614265531	0.195625379	0.001689424	0.525265214	0.198009482	0.007984428	0.098221664	0.569765373